2018-06-22 16:40:13.893561
d=10, event=1, ina=wt0, inb=test 
SUM:
[array([[0, 0, 0, 0, 0, 0, 0, 0, 0, 0],
       [0, 1, 0, 0, 0, 0, 0, 0, 0, 0],
       [0, 1, 1, 0, 0, 0, 0, 0, 0, 0],
       [0, 1, 1, 0, 0, 0, 0, 0, 0, 1],
       [0, 1, 1, 0, 0, 1, 0, 0, 0, 1],
       [0, 1, 1, 1, 0, 1, 0, 0, 0, 1],
       [0, 0, 1, 1, 0, 1, 0, 0, 0, 1],
       [0, 0, 0, 1, 0, 1, 0, 0, 0, 1],
       [0, 0, 0, 1, 0, 1, 0, 0, 0, 0],
       [0, 0, 0, 1, 0, 0, 0, 0, 0, 0],
       [0, 0, 0, 1, 1, 0, 0, 0, 0, 0],
       [0, 0, 0, 1, 1, 0, 0, 0, 0, 0],
       [0, 0, 0, 1, 1, 0, 0, 0, 0, 0],
       [0, 0, 0, 1, 1, 0, 0, 0, 0, 0],
       [0, 0, 0, 1, 1, 0, 0, 0, 0, 0],
       [0, 0, 0, 1, 1, 0, 0, 0, 0, 0]]), array([[0, 0, 0, 0, 0, 0, 0, 0, 0, 0],
       [0, 1, 0, 0, 0, 0, 0, 0, 0, 0],
       [0, 1, 1, 0, 0, 0, 0, 0, 0, 0],
       [0, 1, 1, 0, 0, 1, 0, 0, 0, 0],
       [0, 1, 1, 0, 0, 1, 0, 0, 0, 1],
       [0, 1, 1, 1, 0, 1, 0, 0, 0, 1],
       [0, 1, 1, 1, 0, 1, 0, 1, 0, 1],
       [0, 1, 1, 1, 0, 1, 0, 1, 1, 1],
       [0, 0, 1, 1, 0, 1, 0, 1, 1, 1],
       [0, 0, 0, 1, 0, 1, 0, 1, 1, 1],
       [0, 0, 0, 1, 0, 1, 0, 0, 1, 1],
       [0, 0, 0, 1, 0, 1, 0, 0, 1, 0],
       [0, 0, 0, 1, 0, 1, 0, 0, 0, 0],
       [0, 0, 0, 1, 0, 0, 0, 0, 0, 0],
       [0, 0, 0, 1, 1, 0, 0, 0, 0, 0],
       [0, 0, 0, 1, 1, 0, 0, 0, 0, 0]]), array([[0, 0, 0, 0, 0, 0, 0, 0, 0, 0],
       [0, 1, 0, 0, 0, 0, 0, 0, 0, 0],
       [0, 1, 1, 0, 0, 0, 0, 0, 0, 0],
       [0, 1, 1, 0, 0, 0, 0, 1, 0, 0],
       [0, 1, 1, 0, 0, 1, 0, 1, 0, 0],
       [0, 1, 1, 0, 0, 1, 0, 1, 1, 0],
       [0, 1, 1, 0, 0, 1, 0, 1, 1, 1],
       [0, 1, 1, 1, 0, 1, 0, 1, 1, 1],
       [0, 0, 1, 1, 0, 1, 0, 1, 1, 1],
       [0, 0, 0, 1, 0, 1, 0, 1, 1, 1],
       [0, 0, 0, 1, 1, 1, 0, 1, 1, 1],
       [0, 0, 0, 1, 1, 0, 0, 1, 1, 1],
       [0, 0, 0, 1, 1, 0, 0, 0, 1, 1],
       [0, 0, 0, 1, 1, 0, 0, 0, 1, 0],
       [0, 0, 0, 1, 1, 0, 0, 0, 0, 0],
       [0, 0, 0, 1, 1, 0, 0, 0, 0, 0]]), array([[0, 0, 0, 0, 0, 0, 0, 0, 0, 0],
       [0, 1, 0, 0, 0, 0, 0, 0, 0, 0],
       [0, 1, 1, 0, 0, 0, 0, 0, 0, 0],
       [0, 1, 1, 0, 0, 0, 0, 0, 0, 1],
       [0, 1, 1, 0, 0, 0, 0, 1, 0, 1],
       [0, 1, 1, 0, 0, 1, 0, 1, 0, 1],
       [0, 1, 1, 1, 0, 1, 0, 1, 0, 1],
       [0, 0, 1, 1, 0, 1, 0, 1, 0, 1],
       [0, 0, 1, 1, 0, 1, 0, 1, 1, 1],
       [0, 0, 0, 1, 0, 1, 0, 1, 1, 1],
       [0, 0, 0, 1, 1, 1, 0, 1, 1, 1],
       [0, 0, 0, 1, 1, 1, 0, 1, 1, 0],
       [0, 0, 0, 1, 1, 0, 0, 1, 1, 0],
       [0, 0, 0, 1, 1, 0, 0, 0, 1, 0],
       [0, 0, 0, 1, 1, 0, 0, 0, 0, 0],
       [0, 0, 0, 1, 1, 0, 0, 0, 0, 0]]), array([[0, 0, 0, 0, 0, 0, 0, 0, 0, 0],
       [0, 1, 0, 0, 0, 0, 0, 0, 0, 0],
       [0, 1, 1, 0, 0, 0, 0, 0, 0, 0],
       [0, 1, 1, 0, 0, 0, 0, 0, 0, 1],
       [0, 1, 1, 0, 0, 1, 0, 0, 0, 1],
       [0, 1, 1, 1, 0, 1, 0, 0, 0, 1],
       [0, 0, 1, 1, 0, 1, 0, 0, 0, 1],
       [0, 0, 0, 1, 0, 1, 0, 0, 0, 1],
       [0, 0, 0, 1, 1, 1, 0, 0, 0, 1],
       [0, 0, 0, 1, 1, 0, 0, 0, 0, 1],
       [0, 0, 0, 1, 1, 0, 0, 0, 0, 0],
       [0, 0, 0, 1, 1, 0, 0, 0, 0, 0],
       [0, 0, 0, 1, 1, 0, 0, 0, 0, 0],
       [0, 0, 0, 1, 1, 0, 0, 0, 0, 0],
       [0, 0, 0, 1, 1, 0, 0, 0, 0, 0],
       [0, 0, 0, 1, 1, 0, 0, 0, 0, 0]]), array([[0, 0, 0, 0, 0, 0, 0, 0, 0, 0],
       [0, 1, 0, 0, 0, 0, 0, 0, 0, 0],
       [0, 1, 1, 0, 0, 0, 0, 0, 0, 0],
       [0, 1, 1, 0, 0, 0, 0, 1, 0, 0],
       [0, 1, 1, 0, 0, 0, 0, 1, 0, 1],
       [0, 1, 1, 0, 0, 1, 0, 1, 0, 1],
       [0, 1, 1, 0, 0, 1, 0, 1, 1, 1],
       [0, 1, 1, 1, 0, 1, 0, 1, 1, 1],
       [0, 0, 1, 1, 0, 1, 0, 1, 1, 1],
       [0, 0, 0, 1, 0, 1, 0, 1, 1, 1],
       [0, 0, 0, 1, 0, 0, 0, 1, 1, 1],
       [0, 0, 0, 1, 0, 0, 0, 0, 1, 1],
       [0, 0, 0, 1, 0, 0, 0, 0, 1, 0],
       [0, 0, 0, 1, 0, 0, 0, 0, 0, 0],
       [0, 0, 0, 1, 1, 0, 0, 0, 0, 0],
       [0, 0, 0, 1, 1, 0, 0, 0, 0, 0]]), array([[0, 0, 0, 0, 0, 0, 0, 0, 0, 0],
       [0, 1, 0, 0, 0, 0, 0, 0, 0, 0],
       [0, 1, 1, 0, 0, 0, 0, 0, 0, 0],
       [0, 1, 1, 0, 0, 0, 0, 0, 0, 1],
       [0, 1, 1, 0, 0, 1, 0, 0, 0, 1],
       [0, 1, 1, 0, 0, 1, 0, 1, 0, 1],
       [0, 1, 1, 1, 0, 1, 0, 1, 0, 1],
       [0, 1, 1, 1, 0, 1, 0, 1, 1, 1],
       [0, 0, 1, 1, 0, 1, 0, 1, 1, 1],
       [0, 0, 0, 1, 0, 1, 0, 1, 1, 1],
       [0, 0, 0, 1, 1, 1, 0, 1, 1, 1],
       [0, 0, 0, 1, 1, 1, 0, 1, 1, 0],
       [0, 0, 0, 1, 1, 1, 0, 0, 1, 0],
       [0, 0, 0, 1, 1, 1, 0, 0, 0, 0],
       [0, 0, 0, 1, 1, 0, 0, 0, 0, 0],
       [0, 0, 0, 1, 1, 0, 0, 0, 0, 0]]), array([[0, 0, 0, 0, 0, 0, 0, 0, 0, 0],
       [0, 1, 0, 0, 0, 0, 0, 0, 0, 0],
       [0, 1, 1, 0, 0, 0, 0, 0, 0, 0],
       [0, 1, 1, 0, 0, 0, 0, 1, 0, 0],
       [0, 1, 1, 0, 0, 0, 0, 1, 1, 0],
       [0, 1, 1, 0, 0, 1, 0, 1, 1, 0],
       [0, 1, 1, 0, 0, 1, 0, 1, 1, 1],
       [0, 1, 1, 1, 0, 1, 0, 1, 1, 1],
       [0, 0, 1, 1, 0, 1, 0, 1, 1, 1],
       [0, 0, 0, 1, 0, 1, 0, 1, 1, 1],
       [0, 0, 0, 1, 0, 1, 0, 0, 1, 1],
       [0, 0, 0, 1, 0, 1, 0, 0, 1, 0],
       [0, 0, 0, 1, 0, 0, 0, 0, 1, 0],
       [0, 0, 0, 1, 0, 0, 0, 0, 0, 0],
       [0, 0, 0, 1, 1, 0, 0, 0, 0, 0],
       [0, 0, 0, 1, 1, 0, 0, 0, 0, 0]]), array([[0, 0, 0, 0, 0, 0, 0, 0, 0, 0],
       [0, 1, 0, 0, 0, 0, 0, 0, 0, 0],
       [0, 1, 1, 0, 0, 0, 0, 0, 0, 0],
       [0, 1, 1, 0, 0, 0, 0, 1, 0, 0],
       [0, 1, 1, 0, 0, 0, 0, 1, 1, 0],
       [0, 1, 1, 0, 0, 0, 0, 1, 1, 1],
       [0, 1, 1, 0, 0, 1, 0, 1, 1, 1],
       [0, 1, 1, 1, 0, 1, 0, 1, 1, 1],
       [0, 0, 1, 1, 0, 1, 0, 1, 1, 1],
       [0, 0, 0, 1, 0, 1, 0, 1, 1, 1],
       [0, 0, 0, 1, 1, 1, 0, 1, 1, 1],
       [0, 0, 0, 1, 1, 0, 0, 1, 1, 1],
       [0, 0, 0, 1, 1, 0, 0, 0, 1, 1],
       [0, 0, 0, 1, 1, 0, 0, 0, 1, 0],
       [0, 0, 0, 1, 1, 0, 0, 0, 0, 0],
       [0, 0, 0, 1, 1, 0, 0, 0, 0, 0]]), array([[0, 0, 0, 0, 0, 0, 0, 0, 0, 0],
       [0, 1, 0, 0, 0, 0, 0, 0, 0, 0],
       [0, 1, 1, 0, 0, 0, 0, 0, 0, 0],
       [0, 1, 1, 0, 0, 0, 0, 0, 0, 1],
       [0, 1, 1, 0, 0, 1, 0, 0, 0, 1],
       [0, 1, 1, 0, 0, 1, 0, 1, 0, 1],
       [0, 1, 1, 1, 0, 1, 0, 1, 0, 1],
       [0, 0, 1, 1, 0, 1, 0, 1, 0, 1],
       [0, 0, 0, 1, 0, 1, 0, 1, 0, 1],
       [0, 0, 0, 1, 0, 1, 0, 1, 0, 0],
       [0, 0, 0, 1, 0, 1, 0, 1, 1, 0],
       [0, 0, 0, 1, 0, 1, 0, 0, 1, 0],
       [0, 0, 0, 1, 1, 1, 0, 0, 1, 0],
       [0, 0, 0, 1, 1, 0, 0, 0, 1, 0],
       [0, 0, 0, 1, 1, 0, 0, 0, 0, 0],
       [0, 0, 0, 1, 1, 0, 0, 0, 0, 0]])]
P:
[array([ 0.,  0.,  0.,  0.,  0.,  0.,  0.,  0.,  0.,  0.,  0.,  0.,  0.,
        0.,  0.,  0.]), array([ 0. ,  1. ,  1. ,  1. ,  1. ,  1. ,  0.8,  0.6,  0. ,  0. ,  0. ,
        0. ,  0. ,  0. ,  0. ,  0. ]), array([ 0. ,  0. ,  1. ,  1. ,  1. ,  1. ,  1. ,  0.8,  0.7,  0. ,  0. ,
        0. ,  0. ,  0. ,  0. ,  0. ]), array([ 0. ,  0. ,  0. ,  0. ,  0. ,  0.3,  0.6,  1. ,  1. ,  1. ,  1. ,
        1. ,  1. ,  1. ,  1. ,  1. ]), array([ 0. ,  0. ,  0. ,  0. ,  0. ,  0. ,  0. ,  0. ,  0.1,  0.1,  0.6,
        0.6,  0.7,  0.7,  1. ,  1. ]), array([ 0. ,  0. ,  0. ,  0.1,  0.6,  0.9,  1. ,  1. ,  1. ,  0.8,  0.7,
        0.5,  0.3,  0.1,  0. ,  0. ]), array([ 0.,  0.,  0.,  0.,  0.,  0.,  0.,  0.,  0.,  0.,  0.,  0.,  0.,
        0.,  0.,  0.]), array([ 0. ,  0. ,  0. ,  0.4,  0.5,  0.7,  0.8,  0.8,  0.8,  0.8,  0.6,
        0.4,  0.1,  0. ,  0. ,  0. ]), array([ 0. ,  0. ,  0. ,  0. ,  0.2,  0.3,  0.4,  0.6,  0.7,  0.7,  0.8,
        0.8,  0.7,  0.4,  0. ,  0. ]), array([ 0. ,  0. ,  0. ,  0.5,  0.7,  0.8,  1. ,  1. ,  0.9,  0.8,  0.7,
        0.3,  0.2,  0. ,  0. ,  0. ])]
eSUM:
[array([[0, 0, 0, 0, 0, 0, 0, 0, 0, 0],
       [0, 1, 0, 0, 0, 0, 0, 0, 0, 0],
       [0, 1, 1, 0, 0, 0, 0, 0, 0, 0],
       [0, 1, 1, 0, 0, 0, 0, 0, 0, 1],
       [0, 1, 1, 0, 0, 1, 0, 0, 0, 1],
       [0, 1, 1, 1, 0, 1, 0, 0, 0, 1],
       [0, 0, 1, 1, 0, 1, 0, 0, 0, 1],
       [0, 0, 0, 1, 0, 1, 0, 0, 0, 1],
       [0, 0, 0, 1, 0, 1, 0, 0, 0, 0],
       [0, 0, 0, 1, 0, 0, 0, 0, 0, 0],
       [0, 0, 0, 1, 1, 0, 0, 0, 0, 0],
       [0, 0, 0, 1, 1, 0, 0, 0, 0, 0],
       [0, 0, 0, 1, 1, 0, 0, 0, 0, 0],
       [0, 0, 0, 1, 1, 0, 0, 0, 0, 0],
       [0, 0, 0, 1, 1, 0, 0, 0, 0, 0],
       [0, 0, 0, 1, 1, 0, 0, 0, 0, 0],
       [1, 0, 0, 1, 1, 0, 0, 0, 0, 0],
       [1, 0, 0, 1, 1, 0, 1, 0, 0, 0],
       [1, 0, 0, 0, 1, 0, 1, 0, 0, 0],
       [1, 1, 0, 0, 1, 0, 1, 0, 0, 0],
       [1, 1, 0, 0, 0, 0, 1, 0, 0, 0],
       [1, 1, 1, 0, 0, 0, 1, 0, 0, 0],
       [1, 1, 1, 0, 0, 1, 1, 0, 0, 0],
       [1, 1, 1, 0, 0, 1, 1, 0, 0, 1],
       [1, 1, 1, 0, 0, 1, 1, 1, 0, 1],
       [1, 1, 1, 0, 0, 1, 1, 1, 1, 1],
       [1, 1, 1, 0, 0, 1, 0, 1, 1, 1],
       [1, 1, 1, 1, 0, 1, 0, 1, 1, 1],
       [1, 0, 1, 1, 0, 1, 0, 1, 1, 1],
       [1, 0, 0, 1, 0, 1, 0, 1, 1, 1],
       [1, 0, 0, 1, 0, 0, 0, 1, 1, 1],
       [1, 0, 0, 1, 1, 0, 0, 1, 1, 1],
       [1, 0, 0, 1, 1, 0, 0, 1, 1, 0],
       [1, 0, 0, 1, 1, 0, 0, 0, 1, 0],
       [1, 0, 0, 1, 1, 0, 0, 0, 0, 0],
       [1, 0, 0, 1, 1, 0, 1, 0, 0, 0],
       [1, 0, 0, 0, 1, 0, 1, 0, 0, 0]]), array([[0, 0, 0, 0, 0, 0, 0, 0, 0, 0],
       [0, 1, 0, 0, 0, 0, 0, 0, 0, 0],
       [0, 1, 1, 0, 0, 0, 0, 0, 0, 0],
       [0, 1, 1, 0, 0, 1, 0, 0, 0, 0],
       [0, 1, 1, 0, 0, 1, 0, 0, 0, 1],
       [0, 1, 1, 1, 0, 1, 0, 0, 0, 1],
       [0, 1, 1, 1, 0, 1, 0, 1, 0, 1],
       [0, 1, 1, 1, 0, 1, 0, 1, 1, 1],
       [0, 0, 1, 1, 0, 1, 0, 1, 1, 1],
       [0, 0, 0, 1, 0, 1, 0, 1, 1, 1],
       [0, 0, 0, 1, 0, 1, 0, 0, 1, 1],
       [0, 0, 0, 1, 0, 1, 0, 0, 1, 0],
       [0, 0, 0, 1, 0, 1, 0, 0, 0, 0],
       [0, 0, 0, 1, 0, 0, 0, 0, 0, 0],
       [0, 0, 0, 1, 1, 0, 0, 0, 0, 0],
       [0, 0, 0, 1, 1, 0, 0, 0, 0, 0],
       [1, 0, 0, 1, 1, 0, 0, 0, 0, 0],
       [1, 0, 0, 1, 1, 0, 1, 0, 0, 0],
       [1, 0, 0, 0, 1, 0, 1, 0, 0, 0],
       [1, 0, 0, 0, 0, 0, 1, 0, 0, 0],
       [1, 1, 0, 0, 0, 0, 1, 0, 0, 0],
       [1, 1, 1, 0, 0, 0, 1, 0, 0, 0],
       [1, 1, 1, 0, 0, 0, 1, 0, 0, 1],
       [1, 1, 1, 0, 0, 0, 1, 1, 0, 1],
       [1, 1, 1, 0, 0, 1, 1, 1, 0, 1],
       [1, 1, 1, 0, 0, 1, 1, 1, 1, 1],
       [1, 1, 1, 0, 0, 1, 0, 1, 1, 1],
       [1, 1, 1, 1, 0, 1, 0, 1, 1, 1],
       [1, 0, 1, 1, 0, 1, 0, 1, 1, 1],
       [1, 0, 0, 1, 0, 1, 0, 1, 1, 1],
       [1, 0, 0, 1, 0, 0, 0, 1, 1, 1],
       [1, 0, 0, 1, 0, 0, 0, 1, 1, 0],
       [1, 0, 0, 1, 0, 0, 0, 0, 1, 0],
       [1, 0, 0, 1, 0, 0, 0, 0, 0, 0],
       [1, 0, 0, 1, 0, 0, 1, 0, 0, 0],
       [1, 0, 0, 1, 1, 0, 1, 0, 0, 0],
       [1, 0, 0, 0, 1, 0, 1, 0, 0, 0]]), array([[0, 0, 0, 0, 0, 0, 0, 0, 0, 0],
       [0, 1, 0, 0, 0, 0, 0, 0, 0, 0],
       [0, 1, 1, 0, 0, 0, 0, 0, 0, 0],
       [0, 1, 1, 0, 0, 0, 0, 1, 0, 0],
       [0, 1, 1, 0, 0, 1, 0, 1, 0, 0],
       [0, 1, 1, 0, 0, 1, 0, 1, 1, 0],
       [0, 1, 1, 0, 0, 1, 0, 1, 1, 1],
       [0, 1, 1, 1, 0, 1, 0, 1, 1, 1],
       [0, 0, 1, 1, 0, 1, 0, 1, 1, 1],
       [0, 0, 0, 1, 0, 1, 0, 1, 1, 1],
       [0, 0, 0, 1, 1, 1, 0, 1, 1, 1],
       [0, 0, 0, 1, 1, 0, 0, 1, 1, 1],
       [0, 0, 0, 1, 1, 0, 0, 0, 1, 1],
       [0, 0, 0, 1, 1, 0, 0, 0, 1, 0],
       [0, 0, 0, 1, 1, 0, 0, 0, 0, 0],
       [0, 0, 0, 1, 1, 0, 0, 0, 0, 0],
       [1, 0, 0, 1, 1, 0, 0, 0, 0, 0],
       [1, 0, 0, 1, 1, 0, 1, 0, 0, 0],
       [1, 0, 0, 0, 1, 0, 1, 0, 0, 0],
       [1, 1, 0, 0, 1, 0, 1, 0, 0, 0],
       [1, 1, 0, 0, 0, 0, 1, 0, 0, 0],
       [1, 1, 1, 0, 0, 0, 1, 0, 0, 0],
       [1, 1, 1, 0, 0, 0, 1, 0, 0, 1],
       [1, 1, 1, 0, 0, 0, 1, 1, 0, 1],
       [1, 1, 1, 0, 0, 0, 1, 1, 1, 1],
       [1, 1, 1, 0, 0, 0, 0, 1, 1, 1],
       [1, 1, 1, 0, 0, 1, 0, 1, 1, 1],
       [1, 1, 1, 1, 0, 1, 0, 1, 1, 1],
       [1, 0, 1, 1, 0, 1, 0, 1, 1, 1],
       [1, 0, 0, 1, 0, 1, 0, 1, 1, 1],
       [1, 0, 0, 1, 1, 1, 0, 1, 1, 1],
       [1, 0, 0, 1, 1, 1, 0, 1, 1, 0],
       [1, 0, 0, 1, 1, 0, 0, 1, 1, 0],
       [1, 0, 0, 1, 1, 0, 0, 0, 1, 0],
       [1, 0, 0, 1, 1, 0, 0, 0, 0, 0],
       [1, 0, 0, 1, 1, 0, 1, 0, 0, 0],
       [1, 0, 0, 0, 1, 0, 1, 0, 0, 0]]), array([[0, 0, 0, 0, 0, 0, 0, 0, 0, 0],
       [0, 1, 0, 0, 0, 0, 0, 0, 0, 0],
       [0, 1, 1, 0, 0, 0, 0, 0, 0, 0],
       [0, 1, 1, 0, 0, 0, 0, 0, 0, 1],
       [0, 1, 1, 0, 0, 0, 0, 1, 0, 1],
       [0, 1, 1, 0, 0, 1, 0, 1, 0, 1],
       [0, 1, 1, 1, 0, 1, 0, 1, 0, 1],
       [0, 0, 1, 1, 0, 1, 0, 1, 0, 1],
       [0, 0, 1, 1, 0, 1, 0, 1, 1, 1],
       [0, 0, 0, 1, 0, 1, 0, 1, 1, 1],
       [0, 0, 0, 1, 1, 1, 0, 1, 1, 1],
       [0, 0, 0, 1, 1, 1, 0, 1, 1, 0],
       [0, 0, 0, 1, 1, 0, 0, 1, 1, 0],
       [0, 0, 0, 1, 1, 0, 0, 0, 1, 0],
       [0, 0, 0, 1, 1, 0, 0, 0, 0, 0],
       [0, 0, 0, 1, 1, 0, 0, 0, 0, 0],
       [1, 0, 0, 1, 1, 0, 0, 0, 0, 0],
       [1, 0, 0, 1, 1, 0, 1, 0, 0, 0],
       [1, 0, 0, 0, 1, 0, 1, 0, 0, 0],
       [1, 0, 0, 0, 0, 0, 1, 0, 0, 0],
       [1, 1, 0, 0, 0, 0, 1, 0, 0, 0],
       [1, 1, 1, 0, 0, 0, 1, 0, 0, 0],
       [1, 1, 1, 0, 0, 1, 1, 0, 0, 0],
       [1, 1, 1, 0, 0, 1, 1, 0, 0, 1],
       [1, 1, 1, 0, 0, 1, 1, 1, 0, 1],
       [1, 1, 1, 0, 0, 1, 1, 1, 1, 1],
       [1, 1, 1, 0, 0, 1, 0, 1, 1, 1],
       [1, 1, 1, 1, 0, 1, 0, 1, 1, 1],
       [1, 0, 1, 1, 0, 1, 0, 1, 1, 1],
       [1, 0, 0, 1, 0, 1, 0, 1, 1, 1],
       [1, 0, 0, 1, 0, 1, 0, 1, 1, 0],
       [1, 0, 0, 1, 0, 0, 0, 1, 1, 0],
       [1, 0, 0, 1, 1, 0, 0, 1, 1, 0],
       [1, 0, 0, 1, 1, 0, 0, 0, 1, 0],
       [1, 0, 0, 1, 1, 0, 0, 0, 0, 0],
       [1, 0, 0, 1, 1, 0, 1, 0, 0, 0],
       [1, 0, 0, 0, 1, 0, 1, 0, 0, 0]]), array([[0, 0, 0, 0, 0, 0, 0, 0, 0, 0],
       [0, 1, 0, 0, 0, 0, 0, 0, 0, 0],
       [0, 1, 1, 0, 0, 0, 0, 0, 0, 0],
       [0, 1, 1, 0, 0, 0, 0, 0, 0, 1],
       [0, 1, 1, 0, 0, 1, 0, 0, 0, 1],
       [0, 1, 1, 1, 0, 1, 0, 0, 0, 1],
       [0, 0, 1, 1, 0, 1, 0, 0, 0, 1],
       [0, 0, 0, 1, 0, 1, 0, 0, 0, 1],
       [0, 0, 0, 1, 1, 1, 0, 0, 0, 1],
       [0, 0, 0, 1, 1, 0, 0, 0, 0, 1],
       [0, 0, 0, 1, 1, 0, 0, 0, 0, 0],
       [0, 0, 0, 1, 1, 0, 0, 0, 0, 0],
       [0, 0, 0, 1, 1, 0, 0, 0, 0, 0],
       [0, 0, 0, 1, 1, 0, 0, 0, 0, 0],
       [0, 0, 0, 1, 1, 0, 0, 0, 0, 0],
       [0, 0, 0, 1, 1, 0, 0, 0, 0, 0],
       [1, 0, 0, 1, 1, 0, 0, 0, 0, 0],
       [1, 0, 0, 1, 1, 0, 1, 0, 0, 0],
       [1, 0, 0, 0, 1, 0, 1, 0, 0, 0],
       [1, 1, 0, 0, 1, 0, 1, 0, 0, 0],
       [1, 1, 0, 0, 0, 0, 1, 0, 0, 0],
       [1, 1, 1, 0, 0, 0, 1, 0, 0, 0],
       [1, 1, 1, 0, 0, 0, 1, 1, 0, 0],
       [1, 1, 1, 0, 0, 1, 1, 1, 0, 0],
       [1, 1, 1, 0, 0, 1, 1, 1, 0, 1],
       [1, 1, 1, 0, 0, 1, 1, 1, 1, 1],
       [1, 1, 1, 0, 0, 1, 0, 1, 1, 1],
       [1, 1, 1, 1, 0, 1, 0, 1, 1, 1],
       [1, 0, 1, 1, 0, 1, 0, 1, 1, 1],
       [1, 0, 0, 1, 0, 1, 0, 1, 1, 1],
       [1, 0, 0, 1, 0, 0, 0, 1, 1, 1],
       [1, 0, 0, 1, 1, 0, 0, 1, 1, 1],
       [1, 0, 0, 1, 1, 0, 0, 1, 1, 0],
       [1, 0, 0, 1, 1, 0, 0, 0, 1, 0],
       [1, 0, 0, 1, 1, 0, 0, 0, 0, 0],
       [1, 0, 0, 1, 1, 0, 1, 0, 0, 0],
       [1, 0, 0, 0, 1, 0, 1, 0, 0, 0]]), array([[0, 0, 0, 0, 0, 0, 0, 0, 0, 0],
       [0, 1, 0, 0, 0, 0, 0, 0, 0, 0],
       [0, 1, 1, 0, 0, 0, 0, 0, 0, 0],
       [0, 1, 1, 0, 0, 0, 0, 1, 0, 0],
       [0, 1, 1, 0, 0, 0, 0, 1, 0, 1],
       [0, 1, 1, 0, 0, 1, 0, 1, 0, 1],
       [0, 1, 1, 0, 0, 1, 0, 1, 1, 1],
       [0, 1, 1, 1, 0, 1, 0, 1, 1, 1],
       [0, 0, 1, 1, 0, 1, 0, 1, 1, 1],
       [0, 0, 0, 1, 0, 1, 0, 1, 1, 1],
       [0, 0, 0, 1, 0, 0, 0, 1, 1, 1],
       [0, 0, 0, 1, 0, 0, 0, 0, 1, 1],
       [0, 0, 0, 1, 0, 0, 0, 0, 1, 0],
       [0, 0, 0, 1, 0, 0, 0, 0, 0, 0],
       [0, 0, 0, 1, 1, 0, 0, 0, 0, 0],
       [0, 0, 0, 1, 1, 0, 0, 0, 0, 0],
       [1, 0, 0, 1, 1, 0, 0, 0, 0, 0],
       [1, 0, 0, 1, 1, 0, 1, 0, 0, 0],
       [1, 0, 0, 0, 1, 0, 1, 0, 0, 0],
       [1, 1, 0, 0, 1, 0, 1, 0, 0, 0],
       [1, 1, 0, 0, 0, 0, 1, 0, 0, 0],
       [1, 1, 1, 0, 0, 0, 1, 0, 0, 0],
       [1, 1, 1, 0, 0, 0, 1, 1, 0, 0],
       [1, 1, 1, 0, 0, 1, 1, 1, 0, 0],
       [1, 1, 1, 0, 0, 1, 1, 1, 0, 1],
       [1, 1, 1, 0, 0, 1, 1, 1, 1, 1],
       [1, 1, 1, 0, 0, 1, 0, 1, 1, 1],
       [1, 1, 1, 1, 0, 1, 0, 1, 1, 1],
       [1, 0, 1, 1, 0, 1, 0, 1, 1, 1],
       [1, 0, 0, 1, 0, 1, 0, 1, 1, 1],
       [1, 0, 0, 1, 1, 1, 0, 1, 1, 1],
       [1, 0, 0, 1, 1, 1, 0, 0, 1, 1],
       [1, 0, 0, 1, 1, 1, 0, 0, 0, 1],
       [1, 0, 0, 1, 1, 0, 0, 0, 0, 1],
       [1, 0, 0, 1, 1, 0, 0, 0, 0, 0],
       [1, 0, 0, 1, 1, 0, 1, 0, 0, 0],
       [1, 0, 0, 0, 1, 0, 1, 0, 0, 0]]), array([[0, 0, 0, 0, 0, 0, 0, 0, 0, 0],
       [0, 1, 0, 0, 0, 0, 0, 0, 0, 0],
       [0, 1, 1, 0, 0, 0, 0, 0, 0, 0],
       [0, 1, 1, 0, 0, 0, 0, 0, 0, 1],
       [0, 1, 1, 0, 0, 1, 0, 0, 0, 1],
       [0, 1, 1, 0, 0, 1, 0, 1, 0, 1],
       [0, 1, 1, 1, 0, 1, 0, 1, 0, 1],
       [0, 1, 1, 1, 0, 1, 0, 1, 1, 1],
       [0, 0, 1, 1, 0, 1, 0, 1, 1, 1],
       [0, 0, 0, 1, 0, 1, 0, 1, 1, 1],
       [0, 0, 0, 1, 1, 1, 0, 1, 1, 1],
       [0, 0, 0, 1, 1, 1, 0, 1, 1, 0],
       [0, 0, 0, 1, 1, 1, 0, 0, 1, 0],
       [0, 0, 0, 1, 1, 1, 0, 0, 0, 0],
       [0, 0, 0, 1, 1, 0, 0, 0, 0, 0],
       [0, 0, 0, 1, 1, 0, 0, 0, 0, 0],
       [1, 0, 0, 1, 1, 0, 0, 0, 0, 0],
       [1, 0, 0, 1, 1, 0, 1, 0, 0, 0],
       [1, 0, 0, 0, 1, 0, 1, 0, 0, 0],
       [1, 1, 0, 0, 1, 0, 1, 0, 0, 0],
       [1, 1, 0, 0, 0, 0, 1, 0, 0, 0],
       [1, 1, 1, 0, 0, 0, 1, 0, 0, 0],
       [1, 1, 1, 0, 0, 0, 1, 1, 0, 0],
       [1, 1, 1, 0, 0, 0, 1, 1, 0, 1],
       [1, 1, 1, 0, 0, 0, 1, 1, 1, 1],
       [1, 1, 1, 0, 0, 0, 0, 1, 1, 1],
       [1, 1, 1, 0, 0, 1, 0, 1, 1, 1],
       [1, 1, 1, 1, 0, 1, 0, 1, 1, 1],
       [1, 0, 1, 1, 0, 1, 0, 1, 1, 1],
       [1, 0, 0, 1, 0, 1, 0, 1, 1, 1],
       [1, 0, 0, 1, 1, 1, 0, 1, 1, 1],
       [1, 0, 0, 1, 1, 0, 0, 1, 1, 1],
       [1, 0, 0, 1, 1, 0, 0, 1, 1, 0],
       [1, 0, 0, 1, 1, 0, 0, 0, 1, 0],
       [1, 0, 0, 1, 1, 0, 0, 0, 0, 0],
       [1, 0, 0, 1, 1, 0, 1, 0, 0, 0],
       [1, 0, 0, 0, 1, 0, 1, 0, 0, 0]]), array([[0, 0, 0, 0, 0, 0, 0, 0, 0, 0],
       [0, 1, 0, 0, 0, 0, 0, 0, 0, 0],
       [0, 1, 1, 0, 0, 0, 0, 0, 0, 0],
       [0, 1, 1, 0, 0, 0, 0, 1, 0, 0],
       [0, 1, 1, 0, 0, 0, 0, 1, 1, 0],
       [0, 1, 1, 0, 0, 1, 0, 1, 1, 0],
       [0, 1, 1, 0, 0, 1, 0, 1, 1, 1],
       [0, 1, 1, 1, 0, 1, 0, 1, 1, 1],
       [0, 0, 1, 1, 0, 1, 0, 1, 1, 1],
       [0, 0, 0, 1, 0, 1, 0, 1, 1, 1],
       [0, 0, 0, 1, 0, 1, 0, 0, 1, 1],
       [0, 0, 0, 1, 0, 1, 0, 0, 1, 0],
       [0, 0, 0, 1, 0, 0, 0, 0, 1, 0],
       [0, 0, 0, 1, 0, 0, 0, 0, 0, 0],
       [0, 0, 0, 1, 1, 0, 0, 0, 0, 0],
       [0, 0, 0, 1, 1, 0, 0, 0, 0, 0],
       [1, 0, 0, 1, 1, 0, 0, 0, 0, 0],
       [1, 0, 0, 1, 1, 0, 1, 0, 0, 0],
       [1, 0, 0, 0, 1, 0, 1, 0, 0, 0],
       [1, 1, 0, 0, 1, 0, 1, 0, 0, 0],
       [1, 1, 0, 0, 0, 0, 1, 0, 0, 0],
       [1, 1, 1, 0, 0, 0, 1, 0, 0, 0],
       [1, 1, 1, 0, 0, 1, 1, 0, 0, 0],
       [1, 1, 1, 0, 0, 1, 1, 0, 0, 1],
       [1, 1, 1, 0, 0, 1, 1, 1, 0, 1],
       [1, 1, 1, 0, 0, 1, 1, 1, 1, 1],
       [1, 1, 1, 0, 0, 1, 0, 1, 1, 1],
       [1, 1, 1, 1, 0, 1, 0, 1, 1, 1],
       [1, 0, 1, 1, 0, 1, 0, 1, 1, 1],
       [1, 0, 0, 1, 0, 1, 0, 1, 1, 1],
       [1, 0, 0, 1, 0, 1, 0, 1, 1, 0],
       [1, 0, 0, 1, 0, 0, 0, 1, 1, 0],
       [1, 0, 0, 1, 1, 0, 0, 1, 1, 0],
       [1, 0, 0, 1, 1, 0, 0, 0, 1, 0],
       [1, 0, 0, 1, 1, 0, 0, 0, 0, 0],
       [1, 0, 0, 1, 1, 0, 1, 0, 0, 0],
       [1, 0, 0, 0, 1, 0, 1, 0, 0, 0]]), array([[0, 0, 0, 0, 0, 0, 0, 0, 0, 0],
       [0, 1, 0, 0, 0, 0, 0, 0, 0, 0],
       [0, 1, 1, 0, 0, 0, 0, 0, 0, 0],
       [0, 1, 1, 0, 0, 0, 0, 1, 0, 0],
       [0, 1, 1, 0, 0, 0, 0, 1, 1, 0],
       [0, 1, 1, 0, 0, 0, 0, 1, 1, 1],
       [0, 1, 1, 0, 0, 1, 0, 1, 1, 1],
       [0, 1, 1, 1, 0, 1, 0, 1, 1, 1],
       [0, 0, 1, 1, 0, 1, 0, 1, 1, 1],
       [0, 0, 0, 1, 0, 1, 0, 1, 1, 1],
       [0, 0, 0, 1, 1, 1, 0, 1, 1, 1],
       [0, 0, 0, 1, 1, 0, 0, 1, 1, 1],
       [0, 0, 0, 1, 1, 0, 0, 0, 1, 1],
       [0, 0, 0, 1, 1, 0, 0, 0, 1, 0],
       [0, 0, 0, 1, 1, 0, 0, 0, 0, 0],
       [0, 0, 0, 1, 1, 0, 0, 0, 0, 0],
       [1, 0, 0, 1, 1, 0, 0, 0, 0, 0],
       [1, 0, 0, 1, 1, 0, 1, 0, 0, 0],
       [1, 0, 0, 0, 1, 0, 1, 0, 0, 0],
       [1, 0, 0, 0, 0, 0, 1, 0, 0, 0],
       [1, 1, 0, 0, 0, 0, 1, 0, 0, 0],
       [1, 1, 1, 0, 0, 0, 1, 0, 0, 0],
       [1, 1, 1, 0, 0, 0, 1, 0, 0, 1],
       [1, 1, 1, 0, 0, 0, 1, 1, 0, 1],
       [1, 1, 1, 0, 0, 1, 1, 1, 0, 1],
       [1, 1, 1, 0, 0, 1, 1, 1, 1, 1],
       [1, 1, 1, 0, 0, 1, 0, 1, 1, 1],
       [1, 1, 1, 1, 0, 1, 0, 1, 1, 1],
       [1, 0, 1, 1, 0, 1, 0, 1, 1, 1],
       [1, 0, 0, 1, 0, 1, 0, 1, 1, 1],
       [1, 0, 0, 1, 0, 1, 0, 0, 1, 1],
       [1, 0, 0, 1, 0, 0, 0, 0, 1, 1],
       [1, 0, 0, 1, 0, 0, 0, 0, 1, 0],
       [1, 0, 0, 1, 1, 0, 0, 0, 1, 0],
       [1, 0, 0, 1, 1, 0, 0, 0, 0, 0],
       [1, 0, 0, 1, 1, 0, 1, 0, 0, 0],
       [1, 0, 0, 0, 1, 0, 1, 0, 0, 0]]), array([[0, 0, 0, 0, 0, 0, 0, 0, 0, 0],
       [0, 1, 0, 0, 0, 0, 0, 0, 0, 0],
       [0, 1, 1, 0, 0, 0, 0, 0, 0, 0],
       [0, 1, 1, 0, 0, 0, 0, 0, 0, 1],
       [0, 1, 1, 0, 0, 1, 0, 0, 0, 1],
       [0, 1, 1, 0, 0, 1, 0, 1, 0, 1],
       [0, 1, 1, 1, 0, 1, 0, 1, 0, 1],
       [0, 0, 1, 1, 0, 1, 0, 1, 0, 1],
       [0, 0, 0, 1, 0, 1, 0, 1, 0, 1],
       [0, 0, 0, 1, 0, 1, 0, 1, 0, 0],
       [0, 0, 0, 1, 0, 1, 0, 1, 1, 0],
       [0, 0, 0, 1, 0, 1, 0, 0, 1, 0],
       [0, 0, 0, 1, 1, 1, 0, 0, 1, 0],
       [0, 0, 0, 1, 1, 0, 0, 0, 1, 0],
       [0, 0, 0, 1, 1, 0, 0, 0, 0, 0],
       [0, 0, 0, 1, 1, 0, 0, 0, 0, 0],
       [1, 0, 0, 1, 1, 0, 0, 0, 0, 0],
       [1, 0, 0, 1, 1, 0, 1, 0, 0, 0],
       [1, 0, 0, 0, 1, 0, 1, 0, 0, 0],
       [1, 1, 0, 0, 1, 0, 1, 0, 0, 0],
       [1, 1, 0, 0, 0, 0, 1, 0, 0, 0],
       [1, 1, 1, 0, 0, 0, 1, 0, 0, 0],
       [1, 1, 1, 0, 0, 0, 1, 0, 0, 1],
       [1, 1, 1, 0, 0, 0, 1, 1, 0, 1],
       [1, 1, 1, 0, 0, 0, 1, 1, 1, 1],
       [1, 1, 1, 0, 0, 1, 1, 1, 1, 1],
       [1, 1, 1, 0, 0, 1, 0, 1, 1, 1],
       [1, 1, 1, 1, 0, 1, 0, 1, 1, 1],
       [1, 0, 1, 1, 0, 1, 0, 1, 1, 1],
       [1, 0, 0, 1, 0, 1, 0, 1, 1, 1],
       [1, 0, 0, 1, 0, 0, 0, 1, 1, 1],
       [1, 0, 0, 1, 0, 0, 0, 1, 1, 0],
       [1, 0, 0, 1, 0, 0, 0, 0, 1, 0],
       [1, 0, 0, 1, 1, 0, 0, 0, 1, 0],
       [1, 0, 0, 1, 1, 0, 0, 0, 0, 0],
       [1, 0, 0, 1, 1, 0, 1, 0, 0, 0],
       [1, 0, 0, 0, 1, 0, 1, 0, 0, 0]])]
Pe:
[array([ 0.,  0.,  0.,  0.,  0.,  0.,  0.,  0.,  0.,  0.,  0.,  0.,  0.,
        0.,  0.,  0.,  1.,  1.,  1.,  1.,  1.,  1.,  1.,  1.,  1.,  1.,
        1.,  1.,  1.,  1.,  1.,  1.,  1.,  1.,  1.,  1.,  1.]), array([ 0. ,  1. ,  1. ,  1. ,  1. ,  1. ,  0.8,  0.6,  0. ,  0. ,  0. ,
        0. ,  0. ,  0. ,  0. ,  0. ,  0. ,  0. ,  0. ,  0.7,  1. ,  1. ,
        1. ,  1. ,  1. ,  1. ,  1. ,  1. ,  0. ,  0. ,  0. ,  0. ,  0. ,
        0. ,  0. ,  0. ,  0. ]), array([ 0. ,  0. ,  1. ,  1. ,  1. ,  1. ,  1. ,  0.8,  0.7,  0. ,  0. ,
        0. ,  0. ,  0. ,  0. ,  0. ,  0. ,  0. ,  0. ,  0. ,  0. ,  1. ,
        1. ,  1. ,  1. ,  1. ,  1. ,  1. ,  1. ,  0. ,  0. ,  0. ,  0. ,
        0. ,  0. ,  0. ,  0. ]), array([ 0. ,  0. ,  0. ,  0. ,  0. ,  0.3,  0.6,  1. ,  1. ,  1. ,  1. ,
        1. ,  1. ,  1. ,  1. ,  1. ,  1. ,  1. ,  0. ,  0. ,  0. ,  0. ,
        0. ,  0. ,  0. ,  0. ,  0. ,  1. ,  1. ,  1. ,  1. ,  1. ,  1. ,
        1. ,  1. ,  1. ,  0. ]), array([ 0. ,  0. ,  0. ,  0. ,  0. ,  0. ,  0. ,  0. ,  0.1,  0.1,  0.6,
        0.6,  0.7,  0.7,  1. ,  1. ,  1. ,  1. ,  1. ,  0.7,  0. ,  0. ,
        0. ,  0. ,  0. ,  0. ,  0. ,  0. ,  0. ,  0. ,  0.3,  0.5,  0.7,
        0.9,  0.9,  1. ,  1. ]), array([ 0. ,  0. ,  0. ,  0.1,  0.6,  0.9,  1. ,  1. ,  1. ,  0.8,  0.7,
        0.5,  0.3,  0.1,  0. ,  0. ,  0. ,  0. ,  0. ,  0. ,  0. ,  0. ,
        0.3,  0.5,  0.7,  0.8,  1. ,  1. ,  1. ,  1. ,  0.6,  0.2,  0.1,
        0. ,  0. ,  0. ,  0. ]), array([ 0. ,  0. ,  0. ,  0. ,  0. ,  0. ,  0. ,  0. ,  0. ,  0. ,  0. ,
        0. ,  0. ,  0. ,  0. ,  0. ,  0. ,  1. ,  1. ,  1. ,  1. ,  1. ,
        1. ,  1. ,  1. ,  0.8,  0. ,  0. ,  0. ,  0. ,  0. ,  0. ,  0. ,
        0. ,  0.1,  1. ,  1. ]), array([ 0. ,  0. ,  0. ,  0.4,  0.5,  0.7,  0.8,  0.8,  0.8,  0.8,  0.6,
        0.4,  0.1,  0. ,  0. ,  0. ,  0. ,  0. ,  0. ,  0. ,  0. ,  0. ,
        0.3,  0.7,  1. ,  1. ,  1. ,  1. ,  1. ,  1. ,  0.9,  0.8,  0.6,
        0. ,  0. ,  0. ,  0. ]), array([ 0. ,  0. ,  0. ,  0. ,  0.2,  0.3,  0.4,  0.6,  0.7,  0.7,  0.8,
        0.8,  0.7,  0.4,  0. ,  0. ,  0. ,  0. ,  0. ,  0. ,  0. ,  0. ,
        0. ,  0. ,  0.3,  1. ,  1. ,  1. ,  1. ,  1. ,  1. ,  1. ,  0.9,
        0.8,  0. ,  0. ,  0. ]), array([ 0. ,  0. ,  0. ,  0.5,  0.7,  0.8,  1. ,  1. ,  0.9,  0.8,  0.7,
        0.3,  0.2,  0. ,  0. ,  0. ,  0. ,  0. ,  0. ,  0. ,  0. ,  0. ,
        0.4,  0.8,  1. ,  1. ,  1. ,  1. ,  1. ,  1. ,  0.8,  0.5,  0.1,
        0.1,  0. ,  0. ,  0. ])]

2018-06-22 16:40:45.154551
d=10, event=1, ina=wt0, inb=test 
SUM:
[array([[0, 0, 0, 0, 0, 0, 0, 0, 0, 0],
       [0, 1, 0, 0, 0, 0, 0, 0, 0, 0],
       [0, 1, 1, 0, 0, 0, 0, 0, 0, 0],
       [0, 1, 1, 0, 0, 0, 0, 0, 0, 1],
       [0, 1, 1, 0, 0, 1, 0, 0, 0, 1],
       [0, 1, 1, 1, 0, 1, 0, 0, 0, 1],
       [0, 0, 1, 1, 0, 1, 0, 0, 0, 1],
       [0, 0, 0, 1, 0, 1, 0, 0, 0, 1],
       [0, 0, 0, 1, 1, 1, 0, 0, 0, 1],
       [0, 0, 0, 1, 1, 1, 0, 0, 0, 0],
       [0, 0, 0, 1, 1, 0, 0, 0, 0, 0],
       [0, 0, 0, 1, 1, 0, 0, 0, 0, 0],
       [0, 0, 0, 1, 1, 0, 0, 0, 0, 0],
       [0, 0, 0, 1, 1, 0, 0, 0, 0, 0],
       [0, 0, 0, 1, 1, 0, 0, 0, 0, 0],
       [0, 0, 0, 1, 1, 0, 0, 0, 0, 0]]), array([[0, 0, 0, 0, 0, 0, 0, 0, 0, 0],
       [0, 1, 0, 0, 0, 0, 0, 0, 0, 0],
       [0, 1, 1, 0, 0, 0, 0, 0, 0, 0],
       [0, 1, 1, 0, 0, 0, 0, 1, 0, 0],
       [0, 1, 1, 0, 0, 0, 0, 1, 0, 1],
       [0, 1, 1, 0, 0, 0, 0, 1, 1, 1],
       [0, 1, 1, 0, 0, 1, 0, 1, 1, 1],
       [0, 1, 1, 1, 0, 1, 0, 1, 1, 1],
       [0, 0, 1, 1, 0, 1, 0, 1, 1, 1],
       [0, 0, 0, 1, 0, 1, 0, 1, 1, 1],
       [0, 0, 0, 1, 0, 1, 0, 1, 1, 0],
       [0, 0, 0, 1, 1, 1, 0, 1, 1, 0],
       [0, 0, 0, 1, 1, 0, 0, 1, 1, 0],
       [0, 0, 0, 1, 1, 0, 0, 0, 1, 0],
       [0, 0, 0, 1, 1, 0, 0, 0, 0, 0],
       [0, 0, 0, 1, 1, 0, 0, 0, 0, 0]]), array([[0, 0, 0, 0, 0, 0, 0, 0, 0, 0],
       [0, 1, 0, 0, 0, 0, 0, 0, 0, 0],
       [0, 1, 1, 0, 0, 0, 0, 0, 0, 0],
       [0, 1, 1, 0, 0, 1, 0, 0, 0, 0],
       [0, 1, 1, 1, 0, 1, 0, 0, 0, 0],
       [0, 0, 1, 1, 0, 1, 0, 0, 0, 0],
       [0, 0, 1, 1, 0, 1, 0, 0, 0, 1],
       [0, 0, 1, 1, 0, 1, 0, 1, 0, 1],
       [0, 0, 0, 1, 0, 1, 0, 1, 0, 1],
       [0, 0, 0, 1, 0, 0, 0, 1, 0, 1],
       [0, 0, 0, 1, 0, 0, 0, 1, 0, 0],
       [0, 0, 0, 1, 1, 0, 0, 1, 0, 0],
       [0, 0, 0, 1, 1, 0, 0, 0, 0, 0],
       [0, 0, 0, 1, 1, 0, 0, 0, 0, 0],
       [0, 0, 0, 1, 1, 0, 0, 0, 0, 0],
       [0, 0, 0, 1, 1, 0, 0, 0, 0, 0]]), array([[0, 0, 0, 0, 0, 0, 0, 0, 0, 0],
       [0, 1, 0, 0, 0, 0, 0, 0, 0, 0],
       [0, 1, 1, 0, 0, 0, 0, 0, 0, 0],
       [0, 1, 1, 0, 0, 1, 0, 0, 0, 0],
       [0, 1, 1, 0, 0, 1, 0, 1, 0, 0],
       [0, 1, 1, 0, 0, 1, 0, 1, 0, 1],
       [0, 1, 1, 1, 0, 1, 0, 1, 0, 1],
       [0, 1, 1, 1, 0, 1, 0, 1, 1, 1],
       [0, 0, 1, 1, 0, 1, 0, 1, 1, 1],
       [0, 0, 0, 1, 0, 1, 0, 1, 1, 1],
       [0, 0, 0, 1, 1, 1, 0, 1, 1, 1],
       [0, 0, 0, 1, 1, 0, 0, 1, 1, 1],
       [0, 0, 0, 1, 1, 0, 0, 0, 1, 1],
       [0, 0, 0, 1, 1, 0, 0, 0, 0, 1],
       [0, 0, 0, 1, 1, 0, 0, 0, 0, 0],
       [0, 0, 0, 1, 1, 0, 0, 0, 0, 0]]), array([[0, 0, 0, 0, 0, 0, 0, 0, 0, 0],
       [0, 1, 0, 0, 0, 0, 0, 0, 0, 0],
       [0, 1, 1, 0, 0, 0, 0, 0, 0, 0],
       [0, 1, 1, 0, 0, 0, 0, 0, 0, 1],
       [0, 1, 1, 0, 0, 0, 0, 1, 0, 1],
       [0, 1, 1, 0, 0, 1, 0, 1, 0, 1],
       [0, 1, 1, 0, 0, 1, 0, 1, 1, 1],
       [0, 1, 1, 1, 0, 1, 0, 1, 1, 1],
       [0, 0, 1, 1, 0, 1, 0, 1, 1, 1],
       [0, 0, 0, 1, 0, 1, 0, 1, 1, 1],
       [0, 0, 0, 1, 0, 0, 0, 1, 1, 1],
       [0, 0, 0, 1, 0, 0, 0, 0, 1, 1],
       [0, 0, 0, 1, 0, 0, 0, 0, 0, 1],
       [0, 0, 0, 1, 1, 0, 0, 0, 0, 1],
       [0, 0, 0, 1, 1, 0, 0, 0, 0, 0],
       [0, 0, 0, 1, 1, 0, 0, 0, 0, 0]]), array([[0, 0, 0, 0, 0, 0, 0, 0, 0, 0],
       [0, 1, 0, 0, 0, 0, 0, 0, 0, 0],
       [0, 1, 1, 0, 0, 0, 0, 0, 0, 0],
       [0, 1, 1, 0, 0, 1, 0, 0, 0, 0],
       [0, 1, 1, 1, 0, 1, 0, 0, 0, 0],
       [0, 1, 1, 1, 0, 1, 0, 0, 0, 1],
       [0, 0, 1, 1, 0, 1, 0, 0, 0, 1],
       [0, 0, 1, 1, 0, 1, 0, 1, 0, 1],
       [0, 0, 0, 1, 0, 1, 0, 1, 0, 1],
       [0, 0, 0, 1, 1, 1, 0, 1, 0, 1],
       [0, 0, 0, 1, 1, 1, 0, 0, 0, 1],
       [0, 0, 0, 1, 1, 1, 0, 0, 0, 0],
       [0, 0, 0, 1, 1, 0, 0, 0, 0, 0],
       [0, 0, 0, 1, 1, 0, 0, 0, 0, 0],
       [0, 0, 0, 1, 1, 0, 0, 0, 0, 0],
       [0, 0, 0, 1, 1, 0, 0, 0, 0, 0]]), array([[0, 0, 0, 0, 0, 0, 0, 0, 0, 0],
       [0, 1, 0, 0, 0, 0, 0, 0, 0, 0],
       [0, 1, 1, 0, 0, 0, 0, 0, 0, 0],
       [0, 1, 1, 0, 0, 1, 0, 0, 0, 0],
       [0, 1, 1, 0, 0, 1, 0, 1, 0, 0],
       [0, 1, 1, 0, 0, 1, 0, 1, 0, 1],
       [0, 1, 1, 0, 0, 1, 0, 1, 1, 1],
       [0, 1, 1, 1, 0, 1, 0, 1, 1, 1],
       [0, 0, 1, 1, 0, 1, 0, 1, 1, 1],
       [0, 0, 0, 1, 0, 1, 0, 1, 1, 1],
       [0, 0, 0, 1, 0, 1, 0, 0, 1, 1],
       [0, 0, 0, 1, 0, 1, 0, 0, 0, 1],
       [0, 0, 0, 1, 1, 1, 0, 0, 0, 1],
       [0, 0, 0, 1, 1, 0, 0, 0, 0, 1],
       [0, 0, 0, 1, 1, 0, 0, 0, 0, 0],
       [0, 0, 0, 1, 1, 0, 0, 0, 0, 0]]), array([[0, 0, 0, 0, 0, 0, 0, 0, 0, 0],
       [0, 1, 0, 0, 0, 0, 0, 0, 0, 0],
       [0, 1, 1, 0, 0, 0, 0, 0, 0, 0],
       [0, 1, 1, 0, 0, 1, 0, 0, 0, 0],
       [0, 1, 1, 0, 0, 1, 0, 1, 0, 0],
       [0, 1, 1, 0, 0, 1, 0, 1, 0, 1],
       [0, 1, 1, 1, 0, 1, 0, 1, 0, 1],
       [0, 0, 1, 1, 0, 1, 0, 1, 0, 1],
       [0, 0, 1, 1, 0, 1, 0, 1, 1, 1],
       [0, 0, 0, 1, 0, 1, 0, 1, 1, 1],
       [0, 0, 0, 1, 0, 0, 0, 1, 1, 1],
       [0, 0, 0, 1, 0, 0, 0, 1, 1, 0],
       [0, 0, 0, 1, 1, 0, 0, 1, 1, 0],
       [0, 0, 0, 1, 1, 0, 0, 0, 1, 0],
       [0, 0, 0, 1, 1, 0, 0, 0, 0, 0],
       [0, 0, 0, 1, 1, 0, 0, 0, 0, 0]]), array([[0, 0, 0, 0, 0, 0, 0, 0, 0, 0],
       [0, 1, 0, 0, 0, 0, 0, 0, 0, 0],
       [0, 1, 1, 0, 0, 0, 0, 0, 0, 0],
       [0, 1, 1, 0, 0, 0, 0, 1, 0, 0],
       [0, 1, 1, 0, 0, 0, 0, 1, 0, 1],
       [0, 1, 1, 0, 0, 0, 0, 1, 1, 1],
       [0, 1, 1, 0, 0, 1, 0, 1, 1, 1],
       [0, 1, 1, 1, 0, 1, 0, 1, 1, 1],
       [0, 0, 1, 1, 0, 1, 0, 1, 1, 1],
       [0, 0, 0, 1, 0, 1, 0, 1, 1, 1],
       [0, 0, 0, 1, 1, 1, 0, 1, 1, 1],
       [0, 0, 0, 1, 1, 1, 0, 1, 1, 0],
       [0, 0, 0, 1, 1, 1, 0, 0, 1, 0],
       [0, 0, 0, 1, 1, 0, 0, 0, 1, 0],
       [0, 0, 0, 1, 1, 0, 0, 0, 0, 0],
       [0, 0, 0, 1, 1, 0, 0, 0, 0, 0]]), array([[0, 0, 0, 0, 0, 0, 0, 0, 0, 0],
       [0, 1, 0, 0, 0, 0, 0, 0, 0, 0],
       [0, 1, 1, 0, 0, 0, 0, 0, 0, 0],
       [0, 1, 1, 0, 0, 1, 0, 0, 0, 0],
       [0, 1, 1, 0, 0, 1, 0, 1, 0, 0],
       [0, 1, 1, 1, 0, 1, 0, 1, 0, 0],
       [0, 1, 1, 1, 0, 1, 0, 1, 0, 1],
       [0, 0, 1, 1, 0, 1, 0, 1, 0, 1],
       [0, 0, 1, 1, 0, 1, 0, 1, 1, 1],
       [0, 0, 0, 1, 0, 1, 0, 1, 1, 1],
       [0, 0, 0, 1, 1, 1, 0, 1, 1, 1],
       [0, 0, 0, 1, 1, 1, 0, 0, 1, 1],
       [0, 0, 0, 1, 1, 1, 0, 0, 1, 0],
       [0, 0, 0, 1, 1, 0, 0, 0, 1, 0],
       [0, 0, 0, 1, 1, 0, 0, 0, 0, 0],
       [0, 0, 0, 1, 1, 0, 0, 0, 0, 0]])]
P:
[array([ 0.,  0.,  0.,  0.,  0.,  0.,  0.,  0.,  0.,  0.,  0.,  0.,  0.,
        0.,  0.,  0.]), array([ 0. ,  1. ,  1. ,  1. ,  1. ,  0.9,  0.7,  0.5,  0. ,  0. ,  0. ,
        0. ,  0. ,  0. ,  0. ,  0. ]), array([ 0. ,  0. ,  1. ,  1. ,  1. ,  1. ,  1. ,  0.9,  0.7,  0. ,  0. ,
        0. ,  0. ,  0. ,  0. ,  0. ]), array([ 0. ,  0. ,  0. ,  0. ,  0.2,  0.4,  0.6,  1. ,  1. ,  1. ,  1. ,
        1. ,  1. ,  1. ,  1. ,  1. ]), array([ 0. ,  0. ,  0. ,  0. ,  0. ,  0. ,  0. ,  0. ,  0.1,  0.2,  0.5,
        0.7,  0.9,  1. ,  1. ,  1. ]), array([ 0. ,  0. ,  0. ,  0.6,  0.7,  0.8,  1. ,  1. ,  1. ,  0.9,  0.6,
        0.5,  0.3,  0. ,  0. ,  0. ]), array([ 0.,  0.,  0.,  0.,  0.,  0.,  0.,  0.,  0.,  0.,  0.,  0.,  0.,
        0.,  0.,  0.]), array([ 0. ,  0. ,  0. ,  0.2,  0.7,  0.7,  0.7,  0.9,  0.9,  0.9,  0.7,
        0.5,  0.2,  0. ,  0. ,  0. ]), array([ 0. ,  0. ,  0. ,  0. ,  0. ,  0.2,  0.4,  0.5,  0.7,  0.7,  0.7,
        0.6,  0.5,  0.4,  0. ,  0. ]), array([ 0. ,  0. ,  0. ,  0.2,  0.4,  0.8,  1. ,  1. ,  1. ,  0.9,  0.7,
        0.4,  0.3,  0.3,  0. ,  0. ])]
eSUM:
[array([[0, 0, 0, 0, 0, 0, 0, 0, 0, 0],
       [0, 1, 0, 0, 0, 0, 0, 0, 0, 0],
       [0, 1, 1, 0, 0, 0, 0, 0, 0, 0],
       [0, 1, 1, 0, 0, 0, 0, 0, 0, 1],
       [0, 1, 1, 0, 0, 1, 0, 0, 0, 1],
       [0, 1, 1, 1, 0, 1, 0, 0, 0, 1],
       [0, 0, 1, 1, 0, 1, 0, 0, 0, 1],
       [0, 0, 0, 1, 0, 1, 0, 0, 0, 1],
       [0, 0, 0, 1, 1, 1, 0, 0, 0, 1],
       [0, 0, 0, 1, 1, 1, 0, 0, 0, 0],
       [0, 0, 0, 1, 1, 0, 0, 0, 0, 0],
       [0, 0, 0, 1, 1, 0, 0, 0, 0, 0],
       [0, 0, 0, 1, 1, 0, 0, 0, 0, 0],
       [0, 0, 0, 1, 1, 0, 0, 0, 0, 0],
       [0, 0, 0, 1, 1, 0, 0, 0, 0, 0],
       [0, 0, 0, 1, 1, 0, 0, 0, 0, 0],
       [1, 0, 0, 1, 1, 0, 0, 0, 0, 0],
       [1, 0, 0, 1, 1, 0, 1, 0, 0, 0],
       [1, 0, 0, 0, 1, 0, 1, 0, 0, 0],
       [1, 1, 0, 0, 1, 0, 1, 0, 0, 0],
       [1, 1, 0, 0, 0, 0, 1, 0, 0, 0],
       [1, 1, 1, 0, 0, 0, 1, 0, 0, 0],
       [1, 1, 1, 0, 0, 0, 1, 0, 0, 1],
       [1, 1, 1, 0, 0, 1, 1, 0, 0, 1],
       [1, 1, 1, 0, 0, 1, 1, 1, 0, 1],
       [1, 1, 1, 0, 0, 1, 1, 1, 1, 1],
       [1, 1, 1, 0, 0, 1, 0, 1, 1, 1],
       [1, 1, 1, 1, 0, 1, 0, 1, 1, 1],
       [1, 0, 1, 1, 0, 1, 0, 1, 1, 1],
       [1, 0, 0, 1, 0, 1, 0, 1, 1, 1],
       [1, 0, 0, 1, 1, 1, 0, 1, 1, 1],
       [1, 0, 0, 1, 1, 1, 0, 0, 1, 1],
       [1, 0, 0, 1, 1, 0, 0, 0, 1, 1],
       [1, 0, 0, 1, 1, 0, 0, 0, 1, 0],
       [1, 0, 0, 1, 1, 0, 0, 0, 0, 0],
       [1, 0, 0, 1, 1, 0, 1, 0, 0, 0],
       [1, 0, 0, 0, 1, 0, 1, 0, 0, 0]]), array([[0, 0, 0, 0, 0, 0, 0, 0, 0, 0],
       [0, 1, 0, 0, 0, 0, 0, 0, 0, 0],
       [0, 1, 1, 0, 0, 0, 0, 0, 0, 0],
       [0, 1, 1, 0, 0, 0, 0, 1, 0, 0],
       [0, 1, 1, 0, 0, 0, 0, 1, 0, 1],
       [0, 1, 1, 0, 0, 0, 0, 1, 1, 1],
       [0, 1, 1, 0, 0, 1, 0, 1, 1, 1],
       [0, 1, 1, 1, 0, 1, 0, 1, 1, 1],
       [0, 0, 1, 1, 0, 1, 0, 1, 1, 1],
       [0, 0, 0, 1, 0, 1, 0, 1, 1, 1],
       [0, 0, 0, 1, 0, 1, 0, 1, 1, 0],
       [0, 0, 0, 1, 1, 1, 0, 1, 1, 0],
       [0, 0, 0, 1, 1, 0, 0, 1, 1, 0],
       [0, 0, 0, 1, 1, 0, 0, 0, 1, 0],
       [0, 0, 0, 1, 1, 0, 0, 0, 0, 0],
       [0, 0, 0, 1, 1, 0, 0, 0, 0, 0],
       [1, 0, 0, 1, 1, 0, 0, 0, 0, 0],
       [1, 0, 0, 1, 1, 0, 1, 0, 0, 0],
       [1, 0, 0, 0, 1, 0, 1, 0, 0, 0],
       [1, 1, 0, 0, 1, 0, 1, 0, 0, 0],
       [1, 1, 0, 0, 0, 0, 1, 0, 0, 0],
       [1, 1, 1, 0, 0, 0, 1, 0, 0, 0],
       [1, 1, 1, 0, 0, 0, 1, 1, 0, 0],
       [1, 1, 1, 0, 0, 0, 1, 1, 1, 0],
       [1, 1, 1, 0, 0, 1, 1, 1, 1, 0],
       [1, 1, 1, 0, 0, 1, 1, 1, 1, 1],
       [1, 1, 1, 0, 0, 1, 0, 1, 1, 1],
       [1, 1, 1, 1, 0, 1, 0, 1, 1, 1],
       [1, 0, 1, 1, 0, 1, 0, 1, 1, 1],
       [1, 0, 0, 1, 0, 1, 0, 1, 1, 1],
       [1, 0, 0, 1, 0, 1, 0, 0, 1, 1],
       [1, 0, 0, 1, 0, 1, 0, 0, 0, 1],
       [1, 0, 0, 1, 0, 0, 0, 0, 0, 1],
       [1, 0, 0, 1, 0, 0, 1, 0, 0, 1],
       [1, 0, 0, 0, 0, 0, 1, 0, 0, 1],
       [1, 0, 0, 0, 0, 0, 1, 0, 0, 0],
       [1, 1, 0, 0, 0, 0, 1, 0, 0, 0]]), array([[0, 0, 0, 0, 0, 0, 0, 0, 0, 0],
       [0, 1, 0, 0, 0, 0, 0, 0, 0, 0],
       [0, 1, 1, 0, 0, 0, 0, 0, 0, 0],
       [0, 1, 1, 0, 0, 1, 0, 0, 0, 0],
       [0, 1, 1, 1, 0, 1, 0, 0, 0, 0],
       [0, 0, 1, 1, 0, 1, 0, 0, 0, 0],
       [0, 0, 1, 1, 0, 1, 0, 0, 0, 1],
       [0, 0, 1, 1, 0, 1, 0, 1, 0, 1],
       [0, 0, 0, 1, 0, 1, 0, 1, 0, 1],
       [0, 0, 0, 1, 0, 0, 0, 1, 0, 1],
       [0, 0, 0, 1, 0, 0, 0, 1, 0, 0],
       [0, 0, 0, 1, 1, 0, 0, 1, 0, 0],
       [0, 0, 0, 1, 1, 0, 0, 0, 0, 0],
       [0, 0, 0, 1, 1, 0, 0, 0, 0, 0],
       [0, 0, 0, 1, 1, 0, 0, 0, 0, 0],
       [0, 0, 0, 1, 1, 0, 0, 0, 0, 0],
       [1, 0, 0, 1, 1, 0, 0, 0, 0, 0],
       [1, 0, 0, 1, 1, 0, 1, 0, 0, 0],
       [1, 0, 0, 0, 1, 0, 1, 0, 0, 0],
       [1, 0, 0, 0, 0, 0, 1, 0, 0, 0],
       [1, 1, 0, 0, 0, 0, 1, 0, 0, 0],
       [1, 1, 1, 0, 0, 0, 1, 0, 0, 0],
       [1, 1, 1, 0, 0, 0, 1, 0, 0, 1],
       [1, 1, 1, 0, 0, 1, 1, 0, 0, 1],
       [1, 1, 1, 0, 0, 1, 1, 1, 0, 1],
       [1, 1, 1, 0, 0, 1, 1, 1, 1, 1],
       [1, 1, 1, 0, 0, 1, 0, 1, 1, 1],
       [1, 1, 1, 1, 0, 1, 0, 1, 1, 1],
       [1, 0, 1, 1, 0, 1, 0, 1, 1, 1],
       [1, 0, 0, 1, 0, 1, 0, 1, 1, 1],
       [1, 0, 0, 1, 0, 0, 0, 1, 1, 1],
       [1, 0, 0, 1, 0, 0, 0, 0, 1, 1],
       [1, 0, 0, 1, 0, 0, 0, 0, 1, 0],
       [1, 0, 0, 1, 0, 0, 0, 0, 0, 0],
       [1, 0, 0, 1, 0, 0, 1, 0, 0, 0],
       [1, 0, 0, 1, 1, 0, 1, 0, 0, 0],
       [1, 0, 0, 0, 1, 0, 1, 0, 0, 0]]), array([[0, 0, 0, 0, 0, 0, 0, 0, 0, 0],
       [0, 1, 0, 0, 0, 0, 0, 0, 0, 0],
       [0, 1, 1, 0, 0, 0, 0, 0, 0, 0],
       [0, 1, 1, 0, 0, 1, 0, 0, 0, 0],
       [0, 1, 1, 0, 0, 1, 0, 1, 0, 0],
       [0, 1, 1, 0, 0, 1, 0, 1, 0, 1],
       [0, 1, 1, 1, 0, 1, 0, 1, 0, 1],
       [0, 1, 1, 1, 0, 1, 0, 1, 1, 1],
       [0, 0, 1, 1, 0, 1, 0, 1, 1, 1],
       [0, 0, 0, 1, 0, 1, 0, 1, 1, 1],
       [0, 0, 0, 1, 1, 1, 0, 1, 1, 1],
       [0, 0, 0, 1, 1, 0, 0, 1, 1, 1],
       [0, 0, 0, 1, 1, 0, 0, 0, 1, 1],
       [0, 0, 0, 1, 1, 0, 0, 0, 0, 1],
       [0, 0, 0, 1, 1, 0, 0, 0, 0, 0],
       [0, 0, 0, 1, 1, 0, 0, 0, 0, 0],
       [1, 0, 0, 1, 1, 0, 0, 0, 0, 0],
       [1, 0, 0, 1, 1, 0, 1, 0, 0, 0],
       [1, 0, 0, 0, 1, 0, 1, 0, 0, 0],
       [1, 0, 0, 0, 0, 0, 1, 0, 0, 0],
       [1, 1, 0, 0, 0, 0, 1, 0, 0, 0],
       [1, 1, 1, 0, 0, 0, 1, 0, 0, 0],
       [1, 1, 1, 0, 0, 0, 1, 1, 0, 0],
       [1, 1, 1, 0, 0, 1, 1, 1, 0, 0],
       [1, 1, 1, 0, 0, 1, 1, 1, 1, 0],
       [1, 1, 1, 0, 0, 1, 0, 1, 1, 0],
       [1, 1, 1, 1, 0, 1, 0, 1, 1, 0],
       [1, 0, 1, 1, 0, 1, 0, 1, 1, 0],
       [1, 0, 1, 1, 0, 1, 0, 1, 1, 1],
       [1, 0, 0, 1, 0, 1, 0, 1, 1, 1],
       [1, 0, 0, 1, 0, 0, 0, 1, 1, 1],
       [1, 0, 0, 1, 1, 0, 0, 1, 1, 1],
       [1, 0, 0, 1, 1, 0, 0, 0, 1, 1],
       [1, 0, 0, 1, 1, 0, 0, 0, 1, 0],
       [1, 0, 0, 1, 1, 0, 0, 0, 0, 0],
       [1, 0, 0, 1, 1, 0, 1, 0, 0, 0],
       [1, 0, 0, 0, 1, 0, 1, 0, 0, 0]]), array([[0, 0, 0, 0, 0, 0, 0, 0, 0, 0],
       [0, 1, 0, 0, 0, 0, 0, 0, 0, 0],
       [0, 1, 1, 0, 0, 0, 0, 0, 0, 0],
       [0, 1, 1, 0, 0, 0, 0, 0, 0, 1],
       [0, 1, 1, 0, 0, 0, 0, 1, 0, 1],
       [0, 1, 1, 0, 0, 1, 0, 1, 0, 1],
       [0, 1, 1, 0, 0, 1, 0, 1, 1, 1],
       [0, 1, 1, 1, 0, 1, 0, 1, 1, 1],
       [0, 0, 1, 1, 0, 1, 0, 1, 1, 1],
       [0, 0, 0, 1, 0, 1, 0, 1, 1, 1],
       [0, 0, 0, 1, 0, 0, 0, 1, 1, 1],
       [0, 0, 0, 1, 0, 0, 0, 0, 1, 1],
       [0, 0, 0, 1, 0, 0, 0, 0, 0, 1],
       [0, 0, 0, 1, 1, 0, 0, 0, 0, 1],
       [0, 0, 0, 1, 1, 0, 0, 0, 0, 0],
       [0, 0, 0, 1, 1, 0, 0, 0, 0, 0],
       [1, 0, 0, 1, 1, 0, 0, 0, 0, 0],
       [1, 0, 0, 1, 1, 0, 1, 0, 0, 0],
       [1, 0, 0, 0, 1, 0, 1, 0, 0, 0],
       [1, 1, 0, 0, 1, 0, 1, 0, 0, 0],
       [1, 1, 0, 0, 0, 0, 1, 0, 0, 0],
       [1, 1, 1, 0, 0, 0, 1, 0, 0, 0],
       [1, 1, 1, 0, 0, 0, 1, 1, 0, 0],
       [1, 1, 1, 0, 0, 1, 1, 1, 0, 0],
       [1, 1, 1, 0, 0, 1, 1, 1, 1, 0],
       [1, 1, 1, 0, 0, 1, 1, 1, 1, 1],
       [1, 1, 1, 0, 0, 1, 0, 1, 1, 1],
       [1, 1, 1, 1, 0, 1, 0, 1, 1, 1],
       [1, 0, 1, 1, 0, 1, 0, 1, 1, 1],
       [1, 0, 0, 1, 0, 1, 0, 1, 1, 1],
       [1, 0, 0, 1, 0, 1, 0, 0, 1, 1],
       [1, 0, 0, 1, 0, 0, 0, 0, 1, 1],
       [1, 0, 0, 1, 0, 0, 0, 0, 0, 1],
       [1, 0, 0, 1, 1, 0, 0, 0, 0, 1],
       [1, 0, 0, 1, 1, 0, 1, 0, 0, 1],
       [1, 0, 0, 0, 1, 0, 1, 0, 0, 1],
       [1, 1, 0, 0, 1, 0, 1, 0, 0, 1]]), array([[0, 0, 0, 0, 0, 0, 0, 0, 0, 0],
       [0, 1, 0, 0, 0, 0, 0, 0, 0, 0],
       [0, 1, 1, 0, 0, 0, 0, 0, 0, 0],
       [0, 1, 1, 0, 0, 1, 0, 0, 0, 0],
       [0, 1, 1, 1, 0, 1, 0, 0, 0, 0],
       [0, 1, 1, 1, 0, 1, 0, 0, 0, 1],
       [0, 0, 1, 1, 0, 1, 0, 0, 0, 1],
       [0, 0, 1, 1, 0, 1, 0, 1, 0, 1],
       [0, 0, 0, 1, 0, 1, 0, 1, 0, 1],
       [0, 0, 0, 1, 1, 1, 0, 1, 0, 1],
       [0, 0, 0, 1, 1, 1, 0, 0, 0, 1],
       [0, 0, 0, 1, 1, 1, 0, 0, 0, 0],
       [0, 0, 0, 1, 1, 0, 0, 0, 0, 0],
       [0, 0, 0, 1, 1, 0, 0, 0, 0, 0],
       [0, 0, 0, 1, 1, 0, 0, 0, 0, 0],
       [0, 0, 0, 1, 1, 0, 0, 0, 0, 0],
       [1, 0, 0, 1, 1, 0, 0, 0, 0, 0],
       [1, 0, 0, 1, 1, 0, 1, 0, 0, 0],
       [1, 0, 0, 0, 1, 0, 1, 0, 0, 0],
       [1, 0, 0, 0, 0, 0, 1, 0, 0, 0],
       [1, 1, 0, 0, 0, 0, 1, 0, 0, 0],
       [1, 1, 1, 0, 0, 0, 1, 0, 0, 0],
       [1, 1, 1, 0, 0, 1, 1, 0, 0, 0],
       [1, 1, 1, 0, 0, 1, 1, 1, 0, 0],
       [1, 1, 1, 0, 0, 1, 1, 1, 0, 1],
       [1, 1, 1, 0, 0, 1, 1, 1, 1, 1],
       [1, 1, 1, 0, 0, 1, 0, 1, 1, 1],
       [1, 1, 1, 1, 0, 1, 0, 1, 1, 1],
       [1, 0, 1, 1, 0, 1, 0, 1, 1, 1],
       [1, 0, 0, 1, 0, 1, 0, 1, 1, 1],
       [1, 0, 0, 1, 1, 1, 0, 1, 1, 1],
       [1, 0, 0, 1, 1, 1, 0, 1, 1, 0],
       [1, 0, 0, 1, 1, 0, 0, 1, 1, 0],
       [1, 0, 0, 1, 1, 0, 0, 0, 1, 0],
       [1, 0, 0, 1, 1, 0, 0, 0, 0, 0],
       [1, 0, 0, 1, 1, 0, 1, 0, 0, 0],
       [1, 0, 0, 0, 1, 0, 1, 0, 0, 0]]), array([[0, 0, 0, 0, 0, 0, 0, 0, 0, 0],
       [0, 1, 0, 0, 0, 0, 0, 0, 0, 0],
       [0, 1, 1, 0, 0, 0, 0, 0, 0, 0],
       [0, 1, 1, 0, 0, 1, 0, 0, 0, 0],
       [0, 1, 1, 0, 0, 1, 0, 1, 0, 0],
       [0, 1, 1, 0, 0, 1, 0, 1, 0, 1],
       [0, 1, 1, 0, 0, 1, 0, 1, 1, 1],
       [0, 1, 1, 1, 0, 1, 0, 1, 1, 1],
       [0, 0, 1, 1, 0, 1, 0, 1, 1, 1],
       [0, 0, 0, 1, 0, 1, 0, 1, 1, 1],
       [0, 0, 0, 1, 0, 1, 0, 0, 1, 1],
       [0, 0, 0, 1, 0, 1, 0, 0, 0, 1],
       [0, 0, 0, 1, 1, 1, 0, 0, 0, 1],
       [0, 0, 0, 1, 1, 0, 0, 0, 0, 1],
       [0, 0, 0, 1, 1, 0, 0, 0, 0, 0],
       [0, 0, 0, 1, 1, 0, 0, 0, 0, 0],
       [1, 0, 0, 1, 1, 0, 0, 0, 0, 0],
       [1, 0, 0, 1, 1, 0, 1, 0, 0, 0],
       [1, 0, 0, 0, 1, 0, 1, 0, 0, 0],
       [1, 1, 0, 0, 1, 0, 1, 0, 0, 0],
       [1, 1, 0, 0, 0, 0, 1, 0, 0, 0],
       [1, 1, 1, 0, 0, 0, 1, 0, 0, 0],
       [1, 1, 1, 0, 0, 0, 1, 1, 0, 0],
       [1, 1, 1, 0, 0, 1, 1, 1, 0, 0],
       [1, 1, 1, 0, 0, 1, 1, 1, 1, 0],
       [1, 1, 1, 0, 0, 1, 1, 1, 1, 1],
       [1, 1, 1, 0, 0, 1, 0, 1, 1, 1],
       [1, 1, 1, 1, 0, 1, 0, 1, 1, 1],
       [1, 0, 1, 1, 0, 1, 0, 1, 1, 1],
       [1, 0, 0, 1, 0, 1, 0, 1, 1, 1],
       [1, 0, 0, 1, 0, 0, 0, 1, 1, 1],
       [1, 0, 0, 1, 1, 0, 0, 1, 1, 1],
       [1, 0, 0, 1, 1, 0, 0, 1, 1, 0],
       [1, 0, 0, 1, 1, 0, 0, 0, 1, 0],
       [1, 0, 0, 1, 1, 0, 0, 0, 0, 0],
       [1, 0, 0, 1, 1, 0, 1, 0, 0, 0],
       [1, 0, 0, 0, 1, 0, 1, 0, 0, 0]]), array([[0, 0, 0, 0, 0, 0, 0, 0, 0, 0],
       [0, 1, 0, 0, 0, 0, 0, 0, 0, 0],
       [0, 1, 1, 0, 0, 0, 0, 0, 0, 0],
       [0, 1, 1, 0, 0, 1, 0, 0, 0, 0],
       [0, 1, 1, 0, 0, 1, 0, 1, 0, 0],
       [0, 1, 1, 0, 0, 1, 0, 1, 0, 1],
       [0, 1, 1, 1, 0, 1, 0, 1, 0, 1],
       [0, 0, 1, 1, 0, 1, 0, 1, 0, 1],
       [0, 0, 1, 1, 0, 1, 0, 1, 1, 1],
       [0, 0, 0, 1, 0, 1, 0, 1, 1, 1],
       [0, 0, 0, 1, 0, 0, 0, 1, 1, 1],
       [0, 0, 0, 1, 0, 0, 0, 1, 1, 0],
       [0, 0, 0, 1, 1, 0, 0, 1, 1, 0],
       [0, 0, 0, 1, 1, 0, 0, 0, 1, 0],
       [0, 0, 0, 1, 1, 0, 0, 0, 0, 0],
       [0, 0, 0, 1, 1, 0, 0, 0, 0, 0],
       [1, 0, 0, 1, 1, 0, 0, 0, 0, 0],
       [1, 0, 0, 1, 1, 0, 1, 0, 0, 0],
       [1, 0, 0, 0, 1, 0, 1, 0, 0, 0],
       [1, 0, 0, 0, 0, 0, 1, 0, 0, 0],
       [1, 1, 0, 0, 0, 0, 1, 0, 0, 0],
       [1, 1, 1, 0, 0, 0, 1, 0, 0, 0],
       [1, 1, 1, 0, 0, 0, 1, 1, 0, 0],
       [1, 1, 1, 0, 0, 0, 1, 1, 0, 1],
       [1, 1, 1, 0, 0, 0, 1, 1, 1, 1],
       [1, 1, 1, 0, 0, 1, 1, 1, 1, 1],
       [1, 1, 1, 0, 0, 1, 0, 1, 1, 1],
       [1, 1, 1, 1, 0, 1, 0, 1, 1, 1],
       [1, 0, 1, 1, 0, 1, 0, 1, 1, 1],
       [1, 0, 0, 1, 0, 1, 0, 1, 1, 1],
       [1, 0, 0, 1, 0, 1, 0, 0, 1, 1],
       [1, 0, 0, 1, 0, 0, 0, 0, 1, 1],
       [1, 0, 0, 1, 1, 0, 0, 0, 1, 1],
       [1, 0, 0, 1, 1, 0, 0, 0, 1, 0],
       [1, 0, 0, 1, 1, 0, 0, 0, 0, 0],
       [1, 0, 0, 1, 1, 0, 1, 0, 0, 0],
       [1, 0, 0, 0, 1, 0, 1, 0, 0, 0]]), array([[0, 0, 0, 0, 0, 0, 0, 0, 0, 0],
       [0, 1, 0, 0, 0, 0, 0, 0, 0, 0],
       [0, 1, 1, 0, 0, 0, 0, 0, 0, 0],
       [0, 1, 1, 0, 0, 0, 0, 1, 0, 0],
       [0, 1, 1, 0, 0, 0, 0, 1, 0, 1],
       [0, 1, 1, 0, 0, 0, 0, 1, 1, 1],
       [0, 1, 1, 0, 0, 1, 0, 1, 1, 1],
       [0, 1, 1, 1, 0, 1, 0, 1, 1, 1],
       [0, 0, 1, 1, 0, 1, 0, 1, 1, 1],
       [0, 0, 0, 1, 0, 1, 0, 1, 1, 1],
       [0, 0, 0, 1, 1, 1, 0, 1, 1, 1],
       [0, 0, 0, 1, 1, 1, 0, 1, 1, 0],
       [0, 0, 0, 1, 1, 1, 0, 0, 1, 0],
       [0, 0, 0, 1, 1, 0, 0, 0, 1, 0],
       [0, 0, 0, 1, 1, 0, 0, 0, 0, 0],
       [0, 0, 0, 1, 1, 0, 0, 0, 0, 0],
       [1, 0, 0, 1, 1, 0, 0, 0, 0, 0],
       [1, 0, 0, 1, 1, 0, 1, 0, 0, 0],
       [1, 0, 0, 0, 1, 0, 1, 0, 0, 0],
       [1, 0, 0, 0, 0, 0, 1, 0, 0, 0],
       [1, 1, 0, 0, 0, 0, 1, 0, 0, 0],
       [1, 1, 1, 0, 0, 0, 1, 0, 0, 0],
       [1, 1, 1, 0, 0, 0, 1, 0, 0, 1],
       [1, 1, 1, 0, 0, 0, 1, 1, 0, 1],
       [1, 1, 1, 0, 0, 1, 1, 1, 0, 1],
       [1, 1, 1, 0, 0, 1, 1, 1, 1, 1],
       [1, 1, 1, 0, 0, 1, 0, 1, 1, 1],
       [1, 1, 1, 1, 0, 1, 0, 1, 1, 1],
       [1, 0, 1, 1, 0, 1, 0, 1, 1, 1],
       [1, 0, 0, 1, 0, 1, 0, 1, 1, 1],
       [1, 0, 0, 1, 1, 1, 0, 1, 1, 1],
       [1, 0, 0, 1, 1, 0, 0, 1, 1, 1],
       [1, 0, 0, 1, 1, 0, 0, 0, 1, 1],
       [1, 0, 0, 1, 1, 0, 0, 0, 1, 0],
       [1, 0, 0, 1, 1, 0, 0, 0, 0, 0],
       [1, 0, 0, 1, 1, 0, 1, 0, 0, 0],
       [1, 0, 0, 0, 1, 0, 1, 0, 0, 0]]), array([[0, 0, 0, 0, 0, 0, 0, 0, 0, 0],
       [0, 1, 0, 0, 0, 0, 0, 0, 0, 0],
       [0, 1, 1, 0, 0, 0, 0, 0, 0, 0],
       [0, 1, 1, 0, 0, 1, 0, 0, 0, 0],
       [0, 1, 1, 0, 0, 1, 0, 1, 0, 0],
       [0, 1, 1, 1, 0, 1, 0, 1, 0, 0],
       [0, 1, 1, 1, 0, 1, 0, 1, 0, 1],
       [0, 0, 1, 1, 0, 1, 0, 1, 0, 1],
       [0, 0, 1, 1, 0, 1, 0, 1, 1, 1],
       [0, 0, 0, 1, 0, 1, 0, 1, 1, 1],
       [0, 0, 0, 1, 1, 1, 0, 1, 1, 1],
       [0, 0, 0, 1, 1, 1, 0, 0, 1, 1],
       [0, 0, 0, 1, 1, 1, 0, 0, 1, 0],
       [0, 0, 0, 1, 1, 0, 0, 0, 1, 0],
       [0, 0, 0, 1, 1, 0, 0, 0, 0, 0],
       [0, 0, 0, 1, 1, 0, 0, 0, 0, 0],
       [1, 0, 0, 1, 1, 0, 0, 0, 0, 0],
       [1, 0, 0, 1, 1, 0, 1, 0, 0, 0],
       [1, 0, 0, 0, 1, 0, 1, 0, 0, 0],
       [1, 1, 0, 0, 1, 0, 1, 0, 0, 0],
       [1, 1, 0, 0, 0, 0, 1, 0, 0, 0],
       [1, 1, 1, 0, 0, 0, 1, 0, 0, 0],
       [1, 1, 1, 0, 0, 1, 1, 0, 0, 0],
       [1, 1, 1, 0, 0, 1, 1, 0, 0, 1],
       [1, 1, 1, 0, 0, 1, 1, 1, 0, 1],
       [1, 1, 1, 0, 0, 1, 1, 1, 1, 1],
       [1, 1, 1, 0, 0, 1, 0, 1, 1, 1],
       [1, 1, 1, 1, 0, 1, 0, 1, 1, 1],
       [1, 0, 1, 1, 0, 1, 0, 1, 1, 1],
       [1, 0, 0, 1, 0, 1, 0, 1, 1, 1],
       [1, 0, 0, 1, 0, 1, 0, 1, 1, 0],
       [1, 0, 0, 1, 1, 1, 0, 1, 1, 0],
       [1, 0, 0, 1, 1, 0, 0, 1, 1, 0],
       [1, 0, 0, 1, 1, 0, 0, 0, 1, 0],
       [1, 0, 0, 1, 1, 0, 0, 0, 0, 0],
       [1, 0, 0, 1, 1, 0, 1, 0, 0, 0],
       [1, 0, 0, 0, 1, 0, 1, 0, 0, 0]])]
Pe:
[array([ 0.,  0.,  0.,  0.,  0.,  0.,  0.,  0.,  0.,  0.,  0.,  0.,  0.,
        0.,  0.,  0.,  1.,  1.,  1.,  1.,  1.,  1.,  1.,  1.,  1.,  1.,
        1.,  1.,  1.,  1.,  1.,  1.,  1.,  1.,  1.,  1.,  1.]), array([ 0. ,  1. ,  1. ,  1. ,  1. ,  0.9,  0.7,  0.5,  0. ,  0. ,  0. ,
        0. ,  0. ,  0. ,  0. ,  0. ,  0. ,  0. ,  0. ,  0.5,  1. ,  1. ,
        1. ,  1. ,  1. ,  1. ,  1. ,  0.9,  0. ,  0. ,  0. ,  0. ,  0. ,
        0. ,  0. ,  0. ,  0.2]), array([ 0. ,  0. ,  1. ,  1. ,  1. ,  1. ,  1. ,  0.9,  0.7,  0. ,  0. ,
        0. ,  0. ,  0. ,  0. ,  0. ,  0. ,  0. ,  0. ,  0. ,  0. ,  1. ,
        1. ,  1. ,  1. ,  1. ,  1. ,  1. ,  1. ,  0. ,  0. ,  0. ,  0. ,
        0. ,  0. ,  0. ,  0. ]), array([ 0. ,  0. ,  0. ,  0. ,  0.2,  0.4,  0.6,  1. ,  1. ,  1. ,  1. ,
        1. ,  1. ,  1. ,  1. ,  1. ,  1. ,  1. ,  0. ,  0. ,  0. ,  0. ,
        0. ,  0. ,  0. ,  0. ,  0.1,  1. ,  1. ,  1. ,  1. ,  1. ,  1. ,
        1. ,  0.9,  0.8,  0. ]), array([ 0. ,  0. ,  0. ,  0. ,  0. ,  0. ,  0. ,  0. ,  0.1,  0.2,  0.5,
        0.7,  0.9,  1. ,  1. ,  1. ,  1. ,  1. ,  1. ,  0.5,  0. ,  0. ,
        0. ,  0. ,  0. ,  0. ,  0. ,  0. ,  0. ,  0. ,  0.3,  0.6,  0.7,
        0.8,  0.8,  0.9,  0.9]), array([ 0. ,  0. ,  0. ,  0.6,  0.7,  0.8,  1. ,  1. ,  1. ,  0.9,  0.6,
        0.5,  0.3,  0. ,  0. ,  0. ,  0. ,  0. ,  0. ,  0. ,  0. ,  0. ,
        0.2,  0.7,  0.9,  1. ,  1. ,  1. ,  1. ,  1. ,  0.7,  0.4,  0. ,
        0. ,  0. ,  0. ,  0. ]), array([ 0. ,  0. ,  0. ,  0. ,  0. ,  0. ,  0. ,  0. ,  0. ,  0. ,  0. ,
        0. ,  0. ,  0. ,  0. ,  0. ,  0. ,  1. ,  1. ,  1. ,  1. ,  1. ,
        1. ,  1. ,  1. ,  0.9,  0. ,  0. ,  0. ,  0. ,  0. ,  0. ,  0. ,
        0.1,  0.3,  1. ,  1. ]), array([ 0. ,  0. ,  0. ,  0.2,  0.7,  0.7,  0.7,  0.9,  0.9,  0.9,  0.7,
        0.5,  0.2,  0. ,  0. ,  0. ,  0. ,  0. ,  0. ,  0. ,  0. ,  0. ,
        0.5,  0.7,  1. ,  1. ,  1. ,  1. ,  1. ,  1. ,  0.7,  0.5,  0.3,
        0. ,  0. ,  0. ,  0. ]), array([ 0. ,  0. ,  0. ,  0. ,  0. ,  0.2,  0.4,  0.5,  0.7,  0.7,  0.7,
        0.6,  0.5,  0.4,  0. ,  0. ,  0. ,  0. ,  0. ,  0. ,  0. ,  0. ,
        0. ,  0.1,  0.5,  1. ,  1. ,  1. ,  1. ,  1. ,  1. ,  0.9,  0.8,
        0.7,  0. ,  0. ,  0. ]), array([ 0. ,  0. ,  0. ,  0.2,  0.4,  0.8,  1. ,  1. ,  1. ,  0.9,  0.7,
        0.4,  0.3,  0.3,  0. ,  0. ,  0. ,  0. ,  0. ,  0. ,  0. ,  0. ,
        0.3,  0.5,  0.6,  0.9,  0.9,  0.9,  1. ,  1. ,  0.9,  0.8,  0.6,
        0.2,  0.2,  0.1,  0.1])]

